# #1
# double data(8761,1)
0
0
0
0
26
111
253
349
391
377
309
190
114
0
0
0
0
0
0
0
0
0
0
0
0
0
0
0
26
112
254
350
393
380
312
193
117
0
0
0
0
0
0
0
0
0
0
0
0
0
0
0
27
113
255
351
395
382
314
196
121
0
0
0
0
0
0
0
0
0
0
0
0
0
0
0
28
114
257
353
397
385
317
199
124
0
0
0
0
0
0
0
0
0
0
0
0
0
0
0
28
115
258
355
399
387
320
203
127
0
0
0
0
0
0
0
0
0
0
0
0
0
0
0
29
116
260
357
402
390
323
206
131
0
0
0
0
0
0
0
0
0
0
0
0
0
0
0
31
117
261
359
404
393
327
210
134
0
0
0
0
0
0
0
0
0
0
0
0
0
0
0
32
119
263
362
407
396
330
213
138
0
0
0
0
0
0
0
0
0
0
0
0
0
0
0
33
120
266
364
410
400
334
217
142
0
0
0
0
0
0
0
0
0
0
0
0
0
0
0
35
122
268
367
413
403
338
221
146
0
0
0
0
0
0
0
0
0
0
0
0
0
0
0
37
124
270
370
417
407
342
226
151
0
0
0
0
0
0
0
0
0
0
0
0
0
0
0
39
127
273
373
420
411
346
230
155
0
0
0
0
0
0
0
0
0
0
0
0
0
0
0
41
129
276
376
424
415
350
234
159
0
0
0
0
0
0
0
0
0
0
0
0
0
0
0
44
132
279
380
428
419
355
239
164
0
0
0
0
0
0
0
0
0
0
0
0
0
0
0
46
134
282
383
431
423
359
244
169
0
0
0
0
0
0
0
0
0
0
0
0
0
0
0
49
137
285
387
436
428
364
248
174
0
0
0
0
0
0
0
0
0
0
0
0
0
0
0
52
140
289
391
440
432
369
253
94
2
0
0
0
0
0
0
0
0
0
0
0
0
0
0
55
143
292
395
444
437
374
258
99
7
0
0
0
0
0
0
0
0
0
0
0
0
0
0
58
147
296
399
449
442
379
264
105
12
0
0
0
0
0
0
0
0
0
0
0
0
0
0
61
150
300
403
453
447
384
269
110
17
0
0
0
0
0
0
0
0
0
0
0
0
0
0
65
154
304
408
458
452
389
274
115
23
0
0
0
0
0
0
0
0
0
0
0
0
0
0
68
158
308
412
463
457
395
280
121
28
0
0
0
0
0
0
0
0
0
0
0
0
0
0
72
162
313
417
468
462
400
286
126
34
0
0
0
0
0
0
0
0
0
0
0
0
0
0
76
166
317
422
473
468
406
291
132
39
0
0
0
0
0
0
0
0
0
0
0
0
0
0
80
170
322
427
479
474
412
297
138
45
0
0
0
0
0
0
0
0
0
0
0
0
0
0
85
175
327
432
484
479
417
303
144
51
0
0
0
0
0
0
0
0
0
0
0
0
0
0
89
179
332
438
490
485
423
309
150
57
0
0
0
0
0
0
0
0
0
0
0
0
0
0
94
184
337
443
496
491
429
315
156
63
0
0
0
0
0
0
0
0
0
0
0
0
0
0
98
189
342
449
501
497
436
321
162
69
0
0
0
0
0
0
0
0
0
0
0
0
0
0
103
194
347
454
507
503
442
327
168
75
0
0
0
0
0
0
0
0
0
0
0
0
0
0
108
199
353
460
513
509
448
334
174
81
0
0
0
0
0
0
0
0
0
0
0
0
0
0
113
205
358
466
520
516
454
340
181
87
0
0
0
0
0
0
0
0
0
0
0
0
0
0
119
210
364
472
526
522
461
347
187
94
0
0
0
0
0
0
0
0
0
0
0
0
0
0
124
216
370
478
532
529
467
353
194
100
0
0
0
0
0
0
0
0
0
0
0
0
0
0
129
221
376
484
539
535
474
360
200
106
0
0
0
0
0
0
0
0
0
0
0
0
0
0
135
227
382
491
545
542
481
366
207
113
0
0
0
0
0
0
0
0
0
0
0
0
0
0
141
233
388
497
552
548
488
373
213
119
0
0
0
0
0
0
0
0
0
0
0
0
0
0
147
239
395
504
558
555
494
380
220
126
0
0
0
0
0
0
0
0
0
0
0
0
0
0
153
245
401
510
565
562
501
387
226
132
0
0
0
0
0
0
0
0
0
0
0
0
0
0
159
252
408
517
572
569
508
394
233
139
0
0
0
0
0
0
0
0
0
0
0
0
0
0
165
258
414
524
579
576
515
401
240
146
0
0
0
0
0
0
0
0
0
0
0
0
0
0
172
264
421
531
586
583
522
407
247
152
0
0
0
0
0
0
0
0
0
0
0
0
0
0
178
271
428
538
593
590
529
414
254
159
0
0
0
0
0
0
0
0
0
0
0
0
0
0
185
278
435
545
600
597
536
421
260
166
0
0
0
0
0
0
0
0
0
0
0
0
0
0
192
285
442
552
607
605
543
428
267
173
0
0
0
0
0
0
0
0
0
0
0
0
0
0
198
292
449
559
615
612
551
436
274
179
0
0
0
0
0
0
0
0
0
0
0
0
0
0
205
299
456
566
622
619
558
443
281
186
0
0
0
0
0
0
0
0
0
0
0
0
0
5
112
306
463
574
629
626
565
450
288
193
0
0
0
0
0
0
0
0
0
0
0
0
0
12
119
313
471
581
637
634
572
457
295
200
0
0
0
0
0
0
0
0
0
0
0
0
0
19
126
320
478
588
644
641
580
464
302
207
0
0
0
0
0
0
0
0
0
0
0
0
0
26
133
327
485
596
651
648
587
471
309
111
3
0
0
0
0
0
0
0
0
0
0
0
0
33
140
335
493
603
659
656
594
478
316
118
10
0
0
0
0
0
0
0
0
0
0
0
0
41
148
342
500
611
666
663
601
485
323
125
17
0
0
0
0
0
0
0
0
0
0
0
0
48
155
350
508
619
674
671
609
492
330
131
23
0
0
0
0
0
0
0
0
0
0
0
0
56
163
358
516
626
682
678
616
500
337
138
30
0
0
0
0
0
0
0
0
0
0
0
0
63
170
365
523
634
689
686
623
507
343
145
37
0
0
0
0
0
0
0
0
0
0
0
0
71
178
373
531
642
697
693
631
514
350
152
43
0
0
0
0
0
0
0
0
0
0
0
0
78
186
381
539
649
704
701
638
521
357
158
50
0
0
0
0
0
0
0
0
0
0
0
0
86
194
389
547
657
712
708
645
528
364
165
57
0
0
0
0
0
0
0
0
0
0
0
0
94
201
396
554
665
720
715
652
535
371
172
63
0
0
0
0
0
0
0
0
0
0
0
0
102
209
404
562
672
727
723
660
542
378
179
70
0
0
0
0
0
0
0
0
0
0
0
0
110
217
412
570
680
735
730
667
549
385
185
76
0
0
0
0
0
0
0
0
0
0
0
0
118
225
420
578
688
742
738
674
556
392
192
83
0
0
0
0
0
0
0
0
0
0
0
0
126
233
428
586
696
750
745
681
563
398
198
90
0
0
0
0
0
0
0
0
0
0
0
0
134
242
436
594
704
758
752
688
570
405
205
96
0
0
0
0
0
0
0
0
0
0
0
0
142
250
444
602
711
765
760
696
577
412
212
103
0
0
0
0
0
0
0
0
0
0
0
0
151
258
453
610
719
773
767
703
584
419
218
109
0
0
0
0
0
0
0
0
0
0
0
0
159
266
461
618
727
780
774
710
591
425
225
116
0
0
0
0
0
0
0
0
0
0
0
0
167
274
469
626
735
788
782
717
597
432
231
122
0
0
0
0
0
0
0
0
0
0
0
0
175
283
477
634
742
795
789
724
604
438
238
129
0
0
0
0
0
0
0
0
0
0
0
0
184
291
485
642
750
803
796
731
611
445
244
135
0
0
0
0
0
0
0
0
0
0
0
0
192
299
493
650
758
810
803
738
618
451
251
141
0
0
0
0
0
0
0
0
0
0
0
0
200
307
501
657
765
817
810
744
624
458
257
148
0
0
0
0
0
0
0
0
0
0
0
0
209
316
509
665
773
825
817
751
631
464
263
154
0
0
0
0
0
0
0
0
0
0
0
0
217
324
517
673
780
832
824
758
637
471
270
160
0
0
0
0
0
0
0
0
0
0
0
1
114
332
525
681
788
839
831
765
644
477
276
167
0
0
0
0
0
0
0
0
0
0
0
9
123
340
534
689
795
846
838
771
650
483
282
173
0
0
0
0
0
0
0
0
0
0
0
18
131
349
542
696
803
853
845
778
657
490
288
179
0
0
0
0
0
0
0
0
0
0
0
26
140
357
550
704
810
861
852
784
663
496
295
185
0
0
0
0
0
0
0
0
0
0
0
35
148
365
558
712
818
868
858
791
669
502
301
191
0
0
0
0
0
0
0
0
0
0
0
43
156
373
565
719
825
875
865
797
676
508
307
197
0
0
0
0
0
0
0
0
0
0
0
52
165
382
573
727
832
881
872
804
682
514
313
204
0
0
0
0
0
0
0
0
0
0
0
60
173
390
581
735
839
888
878
810
688
520
319
210
0
0
0
0
0
0
0
0
0
0
0
69
182
398
589
742
846
895
885
816
694
526
325
216
0
0
0
0
0
0
0
0
0
0
0
77
190
406
597
749
853
902
891
822
700
532
331
222
0
0
0
0
0
0
0
0
0
0
0
86
198
414
605
757
860
908
898
828
706
538
337
115
2
0
0
0
0
0
0
0
0
0
0
94
207
422
612
764
867
915
904
834
712
544
343
121
8
0
0
0
0
0
0
0
0
0
0
102
215
430
620
771
874
922
910
840
718
550
348
127
14
0
0
0
0
0
0
0
0
0
0
111
223
438
627
779
881
928
916
846
723
555
354
133
20
0
0
0
0
0
0
0
0
0
0
119
231
446
635
786
888
934
922
852
729
561
360
139
26
0
0
0
0
0
0
0
0
0
0
127
239
454
642
793
894
941
928
858
735
567
366
145
32
0
0
0
0
0
0
0
0
0
0
135
247
461
650
800
901
947
934
864
740
572
371
151
38
0
0
0
0
0
0
0
0
0
0
144
255
469
657
807
908
953
940
869
746
578
377
156
44
0
0
0
0
0
0
0
0
0
0
152
263
477
664
813
914
959
946
875
751
583
382
162
50
0
0
0
0
0
0
0
0
0
0
160
271
484
671
820
920
965
952
880
757
589
388
168
56
0
0
0
0
0
0
0
0
0
0
168
279
492
678
827
927
971
957
886
762
594
393
174
61
0
0
0
0
0
0
0
0
0
0
176
287
499
685
833
933
977
963
891
767
599
399
179
67
0
0
0
0
0
0
0
0
0
0
184
295
506
692
840
939
983
968
896
772
604
404
185
73
0
0
0
0
0
0
0
0
0
0
191
302
514
699
846
945
988
974
902
778
610
409
191
79
0
0
0
0
0
0
0
0
0
0
199
310
521
706
852
951
994
979
907
783
615
415
196
84
0
0
0
0
0
0
0
0
0
0
207
317
528
712
859
957
999
984
912
788
620
420
202
90
0
0
0
0
0
0
0
0
0
0
214
325
535
719
865
962
1005
989
917
793
625
425
207
96
0
0
0
0
0
0
0
0
0
0
111
332
542
725
871
968
1010
994
922
798
630
430
213
101
0
0
0
0
0
0
0
0
0
8
118
339
548
732
877
973
1015
999
927
802
635
435
218
107
0
0
0
0
0
0
0
0
0
16
126
346
555
738
883
979
1020
1004
931
807
640
441
223
112
0
0
0
0
0
0
0
0
0
23
133
353
562
744
888
984
1025
1009
936
812
644
446
229
118
0
0
0
0
0
0
0
0
0
31
140
360
568
750
894
990
1030
1014
941
816
649
451
234
123
0
0
0
0
0
0
0
0
0
38
148
367
575
756
900
995
1035
1018
945
821
654
455
239
129
0
0
0
0
0
0
0
0
0
46
155
374
581
762
905
1000
1040
1023
950
825
659
460
244
134
0
0
0
0
0
0
0
0
0
53
162
381
587
768
910
1005
1045
1027
954
830
663
465
250
140
0
0
0
0
0
0
0
0
0
60
169
387
593
774
916
1010
1049
1032
959
834
668
470
255
145
0
0
0
0
0
0
0
0
0
67
176
393
599
779
921
1014
1054
1036
963
839
672
475
260
150
0
0
0
0
0
0
0
0
0
74
182
400
605
785
926
1019
1058
1040
967
843
677
479
265
156
0
0
0
0
0
0
0
0
0
81
189
406
611
790
931
1024
1063
1045
971
847
681
484
270
161
0
0
0
0
0
0
0
0
0
87
196
412
617
795
936
1028
1067
1049
975
851
685
489
275
166
0
0
0
0
0
0
0
0
0
94
202
418
622
800
940
1033
1071
1053
979
855
690
493
280
171
0
0
0
0
0
0
0
0
0
101
208
424
628
805
945
1037
1075
1057
983
859
694
498
285
176
0
0
0
0
0
0
0
0
0
107
215
430
633
810
949
1041
1079
1060
987
863
698
502
289
181
0
0
0
0
0
0
0
0
0
113
221
436
638
815
954
1045
1083
1064
991
867
702
507
294
186
0
0
0
0
0
0
0
0
0
119
227
441
643
820
958
1049
1087
1068
994
871
706
511
299
191
0
0
0
0
0
0
0
0
0
125
232
446
648
824
962
1053
1090
1072
998
875
710
515
304
196
0
0
0
0
0
0
0
0
0
131
238
452
653
829
966
1057
1094
1075
1002
878
714
520
308
201
0
0
0
0
0
0
0
0
0
137
244
457
658
833
970
1061
1097
1078
1005
882
718
524
313
206
0
0
0
0
0
0
0
0
0
143
249
462
663
837
974
1064
1101
1082
1008
886
722
528
317
105
2
0
0
0
0
0
0
0
0
148
255
467
667
841
978
1068
1104
1085
1012
889
725
532
322
110
7
0
0
0
0
0
0
0
0
154
260
472
672
845
982
1071
1107
1088
1015
892
729
536
326
114
12
0
0
0
0
0
0
0
0
159
265
477
676
849
985
1074
1111
1091
1018
896
733
540
331
119
17
0
0
0
0
0
0
0
0
164
270
481
680
853
989
1078
1114
1095
1021
899
736
544
335
124
22
0
0
0
0
0
0
0
0
170
275
486
684
857
992
1081
1117
1098
1024
902
740
548
339
129
27
0
0
0
0
0
0
0
0
174
280
490
688
860
995
1084
1120
1100
1027
906
743
552
344
133
32
0
0
0
0
0
0
0
0
179
284
494
692
864
999
1087
1123
1103
1030
909
747
555
348
138
37
0
0
0
0
0
0
0
0
184
289
498
695
867
1002
1090
1125
1106
1033
912
750
559
352
142
41
0
0
0
0
0
0
0
0
188
293
502
699
870
1005
1092
1128
1109
1036
915
753
563
356
147
46
0
0
0
0
0
0
0
0
193
297
506
702
874
1007
1095
1131
1111
1039
918
757
566
360
151
51
0
0
0
0
0
0
0
0
197
301
510
706
877
1010
1098
1133
1114
1041
921
760
570
364
156
55
0
0
0
0
0
0
0
2
100
305
513
709
879
1013
1100
1135
1116
1044
923
763
573
368
160
60
0
0
0
0
0
0
0
6
104
309
517
712
882
1015
1103
1138
1119
1047
926
766
577
371
164
64
0
0
0
0
0
0
0
11
108
313
520
715
885
1018
1105
1140
1121
1049
929
769
580
375
168
68
0
0
0
0
0
0
0
15
112
316
523
718
887
1020
1107
1142
1123
1051
932
772
583
379
172
72
0
0
0
0
0
0
0
19
116
320
526
721
890
1022
1109
1144
1125
1054
934
775
587
382
176
77
0
0
0
0
0
0
0
23
119
323
529
723
892
1025
1111
1146
1127
1056
937
778
590
386
180
81
0
0
0
0
0
0
0
26
123
326
532
726
894
1027
1113
1148
1129
1058
939
780
593
389
184
85
0
0
0
0
0
0
0
30
126
329
535
728
897
1029
1115
1150
1131
1060
941
783
596
393
188
88
0
0
0
0
0
0
0
33
129
332
537
730
899
1030
1117
1152
1133
1062
944
786
599
396
191
92
0
0
0
0
0
0
0
36
133
335
540
733
901
1032
1118
1154
1135
1064
946
788
602
399
195
96
0
0
0
0
0
0
0
40
136
338
542
735
902
1034
1120
1155
1137
1066
948
791
605
403
198
100
0
0
0
0
0
0
0
43
138
340
544
736
904
1035
1122
1157
1139
1068
950
793
607
406
202
103
0
0
0
0
0
0
0
45
141
342
546
738
906
1037
1123
1158
1140
1070
952
796
610
409
205
107
0
0
0
0
0
0
0
48
144
345
548
740
907
1038
1124
1160
1142
1072
954
798
613
412
208
110
0
0
0
0
0
0
0
51
146
347
550
742
909
1040
1126
1161
1143
1073
956
800
615
414
211
113
0
0
0
0
0
0
0
53
148
349
552
743
910
1041
1127
1162
1145
1075
958
802
618
417
214
116
0
0
0
0
0
0
0
55
150
351
553
744
911
1042
1128
1164
1146
1077
960
804
620
420
217
119
0
0
0
0
0
0
0
58
152
352
555
746
912
1043
1129
1165
1147
1078
962
806
622
422
220
122
0
0
0
0
0
0
0
60
154
354
556
747
913
1044
1130
1166
1148
1079
963
808
625
425
223
125
0
0
0
0
0
0
0
61
156
355
557
748
914
1045
1131
1167
1150
1081
965
810
627
427
226
128
0
0
0
0
0
0
0
63
158
357
558
749
915
1046
1132
1168
1151
1082
967
812
629
430
228
131
0
0
0
0
0
0
0
65
159
358
559
750
916
1046
1133
1168
1152
1083
968
814
631
432
231
133
0
0
0
0
0
0
0
66
160
359
560
750
916
1047
1133
1169
1153
1085
970
815
633
434
233
136
0
0
0
0
0
0
0
67
161
360
561
751
917
1047
1134
1170
1154
1086
971
817
635
436
235
138
0
0
0
0
0
0
0
69
162
361
562
751
917
1048
1134
1171
1154
1087
972
819
636
438
237
140
0
0
0
0
0
0
0
70
163
361
562
752
918
1048
1135
1171
1155
1088
973
820
638
440
239
142
0
0
0
0
0
0
0
70
164
362
563
752
918
1049
1135
1172
1156
1089
974
821
640
442
241
144
0
0
0
0
0
0
0
71
165
362
563
752
918
1049
1135
1172
1156
1089
976
823
641
444
243
146
0
0
0
0
0
0
0
72
165
363
563
753
918
1049
1136
1173
1157
1090
977
824
643
445
245
148
0
0
0
0
0
0
0
72
166
363
563
753
918
1049
1136
1173
1158
1091
978
825
644
447
246
150
0
0
0
0
0
0
0
73
166
363
563
753
918
1049
1136
1173
1158
1092
978
826
645
448
248
151
0
0
0
0
0
0
0
73
166
363
563
752
918
1049
1136
1173
1158
1092
979
827
646
449
249
153
0
0
0
0
0
0
0
73
166
363
563
752
918
1049
1136
1173
1159
1093
980
828
648
451
251
154
0
0
0
0
0
0
0
73
166
363
562
752
918
1049
1136
1173
1159
1093
981
829
649
452
252
155
0
0
0
0
0
0
0
73
166
362
562
751
917
1048
1136
1174
1159
1093
981
830
649
453
253
156
0
0
0
0
0
0
0
72
165
362
562
751
917
1048
1135
1173
1159
1094
982
830
650
454
254
157
0
0
0
0
0
0
0
72
165
361
561
750
916
1047
1135
1173
1159
1094
982
831
651
454
255
158
0
0
0
0
0
0
0
71
164
360
560
749
915
1047
1135
1173
1159
1094
982
831
652
455
255
159
0
0
0
0
0
0
0
70
163
360
559
749
915
1046
1134
1173
1159
1094
983
832
652
456
256
159
0
0
0
0
0
0
0
69
162
359
558
748
914
1046
1134
1173
1159
1094
983
832
652
456
256
160
0
0
0
0
0
0
0
68
161
358
557
747
913
1045
1133
1172
1159
1094
983
832
653
456
257
160
0
0
0
0
0
0
0
67
160
356
556
746
912
1044
1133
1172
1159
1094
983
833
653
457
257
160
0
0
0
0
0
0
0
66
159
355
555
745
911
1043
1132
1171
1158
1094
983
833
653
457
257
160
0
0
0
0
0
0
0
65
157
354
554
743
910
1042
1131
1171
1158
1094
983
833
653
457
257
160
0
0
0
0
0
0
0
63
156
352
552
742
909
1041
1130
1170
1158
1094
983
833
653
457
257
160
0
0
0
0
0
0
0
62
154
351
551
741
908
1040
1130
1169
1157
1093
983
832
653
457
256
159
0
0
0
0
0
0
0
60
153
349
549
739
906
1039
1129
1169
1156
1093
982
832
653
456
256
159
0
0
0
0
0
0
0
58
151
347
547
738
905
1038
1128
1168
1156
1092
982
832
652
456
256
158
0
0
0
0
0
0
0
56
149
345
546
736
904
1037
1127
1167
1155
1092
981
831
652
455
255
158
0
0
0
0
0
0
0
54
147
343
544
734
902
1036
1126
1166
1154
1091
981
831
651
455
254
157
0
0
0
0
0
0
0
52
145
341
542
733
901
1034
1124
1165
1153
1090
980
830
650
454
253
156
0
0
0
0
0
0
0
50
142
339
540
731
899
1033
1123
1164
1153
1090
979
829
650
453
252
155
0
0
0
0
0
0
0
47
140
337
538
729
897
1031
1122
1163
1152
1089
978
828
649
452
251
153
0
0
0
0
0
0
0
45
137
335
536
727
895
1030
1120
1162
1151
1088
977
827
648
451
250
152
0
0
0
0
0
0
0
42
135
332
533
725
894
1028
1119
1160
1149
1087
976
826
647
449
248
150
0
0
0
0
0
0
0
39
132
330
531
723
892
1026
1118
1159
1148
1086
975
825
645
448
247
149
0
0
0
0
0
0
0
36
129
327
529
721
890
1025
1116
1158
1147
1084
974
824
644
446
245
147
0
0
0
0
0
0
0
34
127
324
526
718
888
1023
1114
1156
1146
1083
973
823
643
445
243
145
0
0
0
0
0
0
0
31
124
322
524
716
886
1021
1113
1155
1144
1082
972
821
641
443
241
143
0
0
0
0
0
0
0
27
121
319
521
714
883
1019
1111
1153
1143
1080
970
820
639
441
239
141
0
0
0
0
0
0
0
24
117
316
518
711
881
1017
1109
1152
1141
1079
969
818
637
439
237
138
0
0
0
0
0
0
0
21
114
313
515
709
879
1015
1108
1150
1140
1077
967
816
636
437
234
136
0
0
0
0
0
0
0
17
111
310
513
706
877
1013
1106
1148
1138
1076
965
814
634
435
232
133
0
0
0
0
0
0
0
14
107
306
510
703
874
1011
1104
1146
1136
1074
963
812
631
432
229
130
0
0
0
0
0
0
0
10
104
303
507
701
872
1009
1102
1145
1134
1072
962
810
629
430
226
127
0
0
0
0
0
0
0
7
100
300
504
698
869
1006
1100
1143
1133
1070
959
808
627
427
224
124
0
0
0
0
0
0
0
3
97
296
501
695
867
1004
1097
1141
1131
1068
957
806
624
425
220
121
0
0
0
0
0
0
0
0
192
293
497
692
864
1002
1095
1139
1129
1066
955
804
622
422
217
118
0
0
0
0
0
0
0
0
188
289
494
689
862
999
1093
1136
1126
1064
953
801
619
419
214
114
0
0
0
0
0
0
0
0
184
286
491
686
859
997
1091
1134
1124
1062
951
799
616
416
211
111
0
0
0
0
0
0
0
0
180
282
487
683
856
994
1088
1132
1122
1059
948
796
613
412
207
107
0
0
0
0
0
0
0
0
176
278
484
680
853
992
1086
1130
1120
1057
945
793
610
409
203
103
0
0
0
0
0
0
0
0
172
275
481
677
850
989
1083
1127
1117
1054
943
790
607
405
199
99
0
0
0
0
0
0
0
0
168
271
477
674
847
986
1081
1125
1115
1052
940
787
604
402
195
95
0
0
0
0
0
0
0
0
164
267
474
670
844
983
1078
1122
1112
1049
937
784
600
398
191
91
0
0
0
0
0
0
0
0
160
263
470
667
841
981
1075
1119
1109
1046
934
781
597
394
187
86
0
0
0
0
0
0
0
0
156
259
466
664
838
978
1073
1117
1107
1043
931
777
593
390
183
82
0
0
0
0
0
0
0
0
152
255
462
660
835
975
1070
1114
1104
1040
928
774
589
386
178
77
0
0
0
0
0
0
0
0
147
251
459
657
832
972
1067
1111
1101
1037
925
770
585
382
174
72
0
0
0
0
0
0
0
0
143
246
455
653
829
969
1064
1108
1098
1034
921
767
581
377
169
68
0
0
0
0
0
0
0
0
139
242
451
650
825
966
1061
1105
1095
1031
918
763
577
373
164
62
0
0
0
0
0
0
0
0
134
238
447
646
822
963
1058
1102
1092
1028
914
759
573
368
159
57
0
0
0
0
0
0
0
0
130
234
443
643
819
959
1055
1099
1089
1024
910
755
568
363
154
52
0
0
0
0
0
0
0
0
125
229
439
639
815
956
1052
1096
1085
1021
907
751
564
358
149
47
0
0
0
0
0
0
0
0
120
225
435
635
812
953
1048
1093
1082
1017
903
747
559
353
143
41
0
0
0
0
0
0
0
0
116
220
431
631
808
949
1045
1089
1078
1013
899
742
554
348
138
35
0
0
0
0
0
0
0
0
111
216
427
627
805
946
1042
1086
1075
1010
895
738
550
343
132
30
0
0
0
0
0
0
0
0
106
211
422
624
801
942
1038
1082
1071
1006
890
733
545
338
126
24
0
0
0
0
0
0
0
0
102
207
418
620
797
939
1035
1079
1067
1002
886
728
540
332
121
18
0
0
0
0
0
0
0
0
97
202
414
616
793
935
1031
1075
1064
998
882
724
534
327
115
12
0
0
0
0
0
0
0
0
92
197
410
612
790
932
1028
1071
1060
993
877
719
529
321
109
5
0
0
0
0
0
0
0
0
87
193
405
608
786
928
1024
1067
1056
989
872
714
524
315
208
0
0
0
0
0
0
0
0
0
82
188
401
603
782
924
1020
1064
1052
985
868
709
518
309
202
0
0
0
0
0
0
0
0
0
77
183
396
599
778
920
1016
1060
1047
980
863
703
512
303
196
0
0
0
0
0
0
0
0
0
72
178
392
595
774
916
1012
1056
1043
976
858
698
507
297
190
0
0
0
0
0
0
0
0
0
67
173
387
591
770
912
1008
1052
1039
971
853
693
501
291
183
0
0
0
0
0
0
0
0
0
62
168
383
587
766
908
1004
1047
1034
966
848
687
495
284
177
0
0
0
0
0
0
0
0
0
57
163
378
582
762
904
1000
1043
1030
961
843
681
489
278
170
0
0
0
0
0
0
0
0
0
51
158
374
578
758
900
996
1039
1025
957
837
676
483
271
163
0
0
0
0
0
0
0
0
0
46
153
369
574
753
896
992
1034
1021
952
832
670
476
265
156
0
0
0
0
0
0
0
0
0
41
148
364
569
749
892
988
1030
1016
946
826
664
470
258
149
0
0
0
0
0
0
0
0
0
36
143
360
565
745
887
983
1025
1011
941
821
658
463
251
142
0
0
0
0
0
0
0
0
0
30
138
355
560
740
883
979
1021
1006
936
815
652
457
244
135
0
0
0
0
0
0
0
0
0
25
133
350
556
736
879
974
1016
1001
931
809
645
450
237
128
0
0
0
0
0
0
0
0
0
20
128
345
551
731
874
970
1011
996
925
803
639
443
230
121
0
0
0
0
0
0
0
0
0
14
123
340
546
727
870
965
1006
991
919
797
633
436
222
113
0
0
0
0
0
0
0
0
0
9
118
335
542
722
865
960
1001
985
914
791
626
430
215
106
0
0
0
0
0
0
0
0
0
4
112
330
537
718
860
955
996
980
908
785
619
423
208
98
0
0
0
0
0
0
0
0
0
0
217
326
532
713
856
951
991
975
902
779
613
415
200
90
0
0
0
0
0
0
0
0
0
0
212
321
527
708
851
946
986
969
896
772
606
408
193
83
0
0
0
0
0
0
0
0
0
0
207
316
523
704
846
941
981
964
890
766
599
401
185
75
0
0
0
0
0
0
0
0
0
0
201
310
518
699
841
936
975
958
884
759
592
394
177
67
0
0
0
0
0
0
0
0
0
0
196
305
513
694
836
931
970
952
878
753
585
386
169
59
0
0
0
0
0
0
0
0
0
0
191
300
508
689
831
925
965
946
872
746
578
379
162
51
0
0
0
0
0
0
0
0
0
0
186
295
503
684
826
920
959
940
866
739
571
371
154
43
0
0
0
0
0
0
0
0
0
0
180
290
498
679
821
915
953
934
859
733
563
363
146
35
0
0
0
0
0
0
0
0
0
0
175
285
493
674
816
909
948
928
853
726
556
356
138
27
0
0
0
0
0
0
0
0
0
0
170
279
487
669
811
904
942
922
846
719
549
348
130
19
0
0
0
0
0
0
0
0
0
0
164
274
482
663
805
898
936
916
840
712
541
340
121
10
0
0
0
0
0
0
0
0
0
0
159
269
477
658
800
893
930
910
833
705
534
332
113
2
0
0
0
0
0
0
0
0
0
0
154
263
472
653
795
887
924
903
826
697
526
324
216
0
0
0
0
0
0
0
0
0
0
0
148
258
467
648
789
882
918
897
819
690
519
316
208
0
0
0
0
0
0
0
0
0
0
0
143
253
461
642
784
876
912
891
812
683
511
308
199
0
0
0
0
0
0
0
0
0
0
0
137
247
456
637
778
870
906
884
805
675
503
300
191
0
0
0
0
0
0
0
0
0
0
0
132
242
450
631
772
864
900
877
798
668
495
292
183
0
0
0
0
0
0
0
0
0
0
0
126
236
445
626
767
858
894
871
791
661
487
284
175
0
0
0
0
0
0
0
0
0
0
0
120
231
439
620
761
852
887
864
784
653
479
275
166
0
0
0
0
0
0
0
0
0
0
0
115
225
434
615
755
846
881
857
777
645
472
267
158
0
0
0
0
0
0
0
0
0
0
0
109
220
428
609
749
840
874
850
770
638
464
259
150
0
0
0
0
0
0
0
0
0
0
0
103
214
423
603
743
834
868
844
762
630
456
251
141
0
0
0
0
0
0
0
0
0
0
0
98
208
417
597
737
827
861
837
755
622
448
242
133
0
0
0
0
0
0
0
0
0
0
0
92
203
411
592
731
821
855
830
748
615
439
234
124
0
0
0
0
0
0
0
0
0
0
0
86
197
405
586
725
815
848
823
740
607
431
226
116
0
0
0
0
0
0
0
0
0
0
0
80
191
400
580
719
808
841
815
733
599
423
217
107
0
0
0
0
0
0
0
0
0
0
0
75
185
394
574
713
802
834
808
725
591
415
209
99
0
0
0
0
0
0
0
0
0
0
0
69
179
388
568
707
795
828
801
718
583
407
201
91
0
0
0
0
0
0
0
0
0
0
0
63
174
382
562
701
789
821
794
710
576
399
192
82
0
0
0
0
0
0
0
0
0
0
0
57
168
376
556
694
782
814
787
703
568
391
184
74
0
0
0
0
0
0
0
0
0
0
0
51
162
370
550
688
776
807
779
695
560
383
176
65
0
0
0
0
0
0
0
0
0
0
0
45
156
364
543
682
769
800
772
687
552
374
167
57
0
0
0
0
0
0
0
0
0
0
0
39
150
358
537
675
762
793
765
680
544
366
159
49
0
0
0
0
0
0
0
0
0
0
0
33
144
352
531
669
755
786
757
672
536
358
151
40
0
0
0
0
0
0
0
0
0
0
0
27
138
346
525
662
749
779
750
664
528
350
142
32
0
0
0
0
0
0
0
0
0
0
0
21
132
340
518
655
742
772
742
657
520
342
134
24
0
0
0
0
0
0
0
0
0
0
0
15
126
334
512
649
735
764
735
649
512
334
126
15
0
0
0
0
0
0
0
0
0
0
0
9
120
327
506
642
728
757
728
641
504
326
118
7
0
0
0
0
0
0
0
0
0
0
0
3
114
321
499
636
721
750
720
634
496
318
216
0
0
0
0
0
0
0
0
0
0
0
0
0
214
315
493
629
714
743
713
626
488
310
208
0
0
0
0
0
0
0
0
0
0
0
0
0
208
309
486
622
707
736
705
618
480
302
200
0
0
0
0
0
0
0
0
0
0
0
0
0
201
302
480
615
700
728
698
610
473
294
192
0
0
0
0
0
0
0
0
0
0
0
0
0
195
296
473
609
693
721
690
603
465
286
184
0
0
0
0
0
0
0
0
0
0
0
0
0
189
289
467
602
686
714
683
595
457
278
176
0
0
0
0
0
0
0
0
0
0
0
0
0
183
283
460
595
679
707
675
588
449
270
169
0
0
0
0
0
0
0
0
0
0
0
0
0
176
277
453
588
672
699
668
580
442
262
161
0
0
0
0
0
0
0
0
0
0
0
0
0
170
270
447
581
665
692
660
572
434
254
153
0
0
0
0
0
0
0
0
0
0
0
0
0
164
264
440
575
658
685
653
565
426
247
146
0
0
0
0
0
0
0
0
0
0
0
0
0
157
257
433
568
651
677
646
557
419
239
138
0
0
0
0
0
0
0
0
0
0
0
0
0
151
251
427
561
644
670
638
550
411
232
130
0
0
0
0
0
0
0
0
0
0
0
0
0
145
244
420
554
637
663
631
542
404
224
123
0
0
0
0
0
0
0
0
0
0
0
0
0
138
238
413
547
630
656
623
535
396
217
116
0
0
0
0
0
0
0
0
0
0
0
0
0
132
231
407
540
623
649
616
528
389
210
108
0
0
0
0
0
0
0
0
0
0
0
0
0
125
225
400
533
616
641
609
520
382
202
101
0
0
0
0
0
0
0
0
0
0
0
0
0
119
218
393
526
609
634
602
513
374
195
94
0
0
0
0
0
0
0
0
0
0
0
0
0
113
212
387
520
602
627
595
506
367
188
87
0
0
0
0
0
0
0
0
0
0
0
0
0
106
205
380
513
595
620
587
499
360
181
80
0
0
0
0
0
0
0
0
0
0
0
0
0
100
199
373
506
588
613
580
492
353
174
73
0
0
0
0
0
0
0
0
0
0
0
0
0
93
193
367
499
581
606
573
485
346
167
67
0
0
0
0
0
0
0
0
0
0
0
0
0
87
186
360
492
574
599
566
478
339
161
60
0
0
0
0
0
0
0
0
0
0
0
0
0
81
180
354
486
567
592
560
471
333
154
54
0
0
0
0
0
0
0
0
0
0
0
0
0
74
173
347
479
560
585
553
464
326
148
47
0
0
0
0
0
0
0
0
0
0
0
0
0
68
167
340
472
554
579
546
458
320
141
41
0
0
0
0
0
0
0
0
0
0
0
0
0
62
160
334
466
547
572
539
451
313
135
35
0
0
0
0
0
0
0
0
0
0
0
0
0
56
154
327
459
540
565
533
445
307
129
29
0
0
0
0
0
0
0
0
0
0
0
0
0
49
148
321
452
534
559
526
438
301
123
23
0
0
0
0
0
0
0
0
0
0
0
0
0
43
142
314
446
527
552
520
432
294
117
17
0
0
0
0
0
0
0
0
0
0
0
0
0
37
135
308
440
521
546
513
426
288
111
11
0
0
0
0
0
0
0
0
0
0
0
0
0
31
129
302
433
514
539
507
420
283
106
6
0
0
0
0
0
0
0
0
0
0
0
0
0
25
123
295
427
508
533
501
414
277
100
0
0
0
0
0
0
0
0
0
0
0
0
0
0
19
117
289
420
502
527
495
408
271
187
0
0
0
0
0
0
0
0
0
0
0
0
0
0
13
111
283
414
495
521
489
402
266
182
0
0
0
0
0
0
0
0
0
0
0
0
0
0
7
105
277
408
489
515
483
396
260
177
0
0
0
0
0
0
0
0
0
0
0
0
0
0
1
99
271
402
483
509
477
391
255
171
0
0
0
0
0
0
0
0
0
0
0
0
0
0
0
183
265
396
477
503
472
385
250
166
0
0
0
0
0
0
0
0
0
0
0
0
0
0
0
177
259
390
471
497
466
380
245
162
0
0
0
0
0
0
0
0
0
0
0
0
0
0
0
172
253
384
466
492
461
375
240
157
0
0
0
0
0
0
0
0
0
0
0
0
0
0
0
166
247
378
460
486
456
370
235
152
0
0
0
0
0
0
0
0
0
0
0
0
0
0
0
160
242
373
454
481
450
365
231
148
0
0
0
0
0
0
0
0
0
0
0
0
0
0
0
155
236
367
449
476
445
360
226
144
0
0
0
0
0
0
0
0
0
0
0
0
0
0
0
149
230
362
444
470
440
356
222
140
0
0
0
0
0
0
0
0
0
0
0
0
0
0
0
144
225
356
438
465
436
351
218
136
0
0
0
0
0
0
0
0
0
0
0
0
0
0
0
138
220
351
433
460
431
347
214
132
0
0
0
0
0
0
0
0
0
0
0
0
0
0
0
133
214
346
428
456
426
343
210
128
0
0
0
0
0
0
0
0
0
0
0
0
0
0
0
128
209
341
423
451
422
339
206
124
0
0
0
0
0
0
0
0
0
0
0
0
0
0
0
123
204
336
418
446
418
335
203
121
0
0
0
0
0
0
0
0
0
0
0
0
0
0
0
118
199
331
414
442
414
331
199
118
0
0
0
0
0
0
0
0
0
0
0
0
0
0
0
113
194
326
409
438
410
327
196
115
0
0
0
0
0
0
0
0
0
0
0
0
0
0
0
108
190
322
405
434
406
324
193
112
0
0
0
0
0
0
0
0
0
0
0
0
0
0
0
103
185
317
401
430
402
321
190
109
0
0
0
0
0
0
0
0
0
0
0
0
0
0
0
99
180
313
396
426
399
318
188
107
0
0
0
0
0
0
0
0
0
0
0
0
0
0
0
94
176
308
392
422
396
315
185
104
0
0
0
0
0
0
0
0
0
0
0
0
0
0
0
90
172
304
389
419
392
312
183
102
0
0
0
0
0
0
0
0
0
0
0
0
0
0
0
86
168
300
385
415
389
309
180
100
0
0
0
0
0
0
0
0
0
0
0
0
0
0
0
82
164
297
381
412
387
307
178
98
0
0
0
0
0
0
0
0
0
0
0
0
0
0
0
78
160
293
378
409
384
305
176
96
0
0
0
0
0
0
0
0
0
0
0
0
0
0
0
74
156
289
375
406
381
303
175
95
0
0
0
0
0
0
0
0
0
0
0
0
0
0
0
70
152
286
372
403
379
301
173
94
0
0
0
0
0
0
0
0
0
0
0
0
0
0
0
67
149
283
369
401
377
299
172
92
0
0
0
0
0
0
0
0
0
0
0
0
0
0
0
63
146
280
366
398
375
297
170
91
0
0
0
0
0
0
0
0
0
0
0
0
0
0
0
60
142
277
363
396
373
296
169
90
0
0
0
0
0
0
0
0
0
0
0
0
0
0
0
57
139
274
361
394
371
294
168
90
0
0
0
0
0
0
0
0
0
0
0
0
0
0
0
54
136
271
358
392
370
293
168
89
0
0
0
0
0
0
0
0
0
0
0
0
0
0
0
51
134
269
356
390
369
292
167
89
0
0
0
0
0
0
0
0
0
0
0
0
0
0
0
48
131
266
354
389
367
292
167
89
0
0
0
0
0
0
0
0
0
0
0
0
0
0
0
46
129
264
352
387
366
291
167
89
0
0
0
0
0
0
0
0
0
0
0
0
0
0
0
43
126
262
351
386
366
291
167
89
0
0
0
0
0
0
0
0
0
0
0
0
0
0
0
41
124
260
349
385
365
291
167
89
0
0
0
0
0
0
0
0
0
0
0
0
0
0
0
39
122
259
348
384
365
291
167
90
0
0
0
0
0
0
0
0
0
0
0
0
0
0
0
37
120
257
347
383
364
291
168
90
0
0
0
0
0
0
0
0
0
0
0
0
0
0
0
35
119
256
346
383
364
291
168
91
0
0
0
0
0
0
0
0
0
0
0
0
0
0
0
33
117
255
345
383
364
292
169
92
0
0
0
0
0
0
0
0
0
0
0
0
0
0
0
32
116
254
345
382
365
292
170
93
0
0
0
0
0
0
0
0
0
0
0
0
0
0
0
31
115
253
344
382
365
293
171
94
0
0
0
0
0
0
0
0
0
0
0
0
0
0
0
29
113
252
344
383
366
294
173
96
0
0
0
0
0
0
0
0
0
0
0
0
0
0
0
28
113
252
344
383
366
295
174
98
0
0
0
0
0
0
0
0
0
0
0
0
0
0
0
28
112
251
344
384
367
297
176
99
0
0
0
0
0
0
0
0
0
0
0
0
0
0
0
27
111
251
344
384
369
298
178
101
0
0
0
0
0
0
0
0
0
0
0
0
0
0
0
26
111
251
345
385
370
300
180
104
0
0
0
0
0
0
0
0
0
0
0
0
0
0
0
26
111
251
345
386
371
302
182
106
0
0
0
0
0
0
0
0
0
0
0
0
0
0
0
26
111
252
346
387
373
304
184
108
0
0
0
0
0
0
0
0
0
0
0
0
0
0
0
26
111
252
347
389
375
306
187
111
0
0
0
0
0
0
0
0
0
0
0
0
