331 43 590 0
241 33 243 0
314 23 420 0
363 73 543 135
300 34 331 76
340 64 498 140
302 30 429 0
165 24 282 0
301 60 348 0
217 34 182 0
236 22 291 104
273 55 620 0
249 37 486 141
367 44 475 151
459 91 627 0
398 72 556 0
253 52 522 127
334 44 587 0
485 86 604 148
328 64 267 56
276 71 361 0
473 35 456 0
422 57 588 168
624 108 671 0
336 55 212 46
392 44 551 0
480 96 575 0
341 75 398 0
406 32 495 0
418 65 542 0
364 36 518 150
419 40 569 0
149 33 220 78
385 58 511 0
366 68 647 0
460 95 657 193
398 42 597 0
248 37 443 0
276 35 550 140
450 73 551 0
221 33 584 0
281 45 553 140
419 57 622 150
259 75 356 0
291 44 404 0
373 64 605 157
338 58 518 0
444 70 302 91
343 80 490 138
300 42 465 0
274 32 369 0
308 39 376 88
379 39 553 0
527 77 455 109
365 73 659 171
308 55 480 132
445 34 411 0
265 61 239 52
429 72 607 169
225 35 652 192
369 57 604 0
354 59 572 153
352 38 647 190
438 66 571 165
255 33 510 156
326 64 318 93
505 42 477 0
313 33 424 0
379 77 650 0
458 49 421 0
302 25 638 0
274 41 569 0
153 12 420 88
470 79 647 0
643 61 553 0
719 30 440 0
337 49 475 0
298 25 294 0
416 79 479 0
351 77 610 0
383 47 473 0
379 61 292 90
347 30 586 150
398 32 594 0
220 14 264 0
291 32 543 0
245 24 533 0
285 40 425 0
531 57 444 0
291 72 641 0
224 16 297 80
416 56 496 0
467 55 528 0
272 21 505 101
408 57 624 0
212 43 366 0
337 47 345 0
229 21 397 135
235 37 541 0
375 60 512 141
259 41 450 0
266 53 276 76
326 54 554 151
8 2 9 0
