# -*- coding: utf-8 -*-
# the different columns denote the different activities
# ie. using cook (1). dishes (2). vacuum (3). iron (4). wash (5). dry (6)

0.0000 0.0000 0.0000 0.0000 0.0000 0.0000
0.0000 0.0000 0.0000 0.0000 0.0000 0.0000
0.0141 0.0000 0.0000 0.0000 0.0058 0.0000
0.0000 0.0000 0.0000 0.0000 0.0000 0.0000
0.0132 0.0000 0.0000 0.0000 0.0000 0.0000
0.0043 0.0128 0.0000 0.0000 0.0017 0.0000
0.0204 0.0077 0.0000 0.0025 0.0033 0.0011
0.0343 0.0107 0.0021 0.0021 0.0046 0.0009
0.0603 0.0264 0.0019 0.0019 0.0124 0.0015
0.0287 0.0467 0.0027 0.0036 0.0169 0.0022
0.0471 0.0370 0.0085 0.0059 0.0179 0.0007
0.0393 0.0342 0.0051 0.0051 0.0196 0.0028
0.0612 0.0323 0.0095 0.0121 0.0227 0.0035
0.0478 0.0154 0.0070 0.0070 0.0178 0.0036
0.0676 0.0135 0.0070 0.0096 0.0171 0.0021
0.0825 0.0132 0.0008 0.0042 0.0118 0.0049
0.1151 0.0461 0.0008 0.0042 0.0087 0.0027
0.0305 0.0738 0.0008 0.0041 0.0079 0.0046
0.0399 0.0543 0.0008 0.0033 0.0114 0.0047
0.0249 0.0614 0.0060 0.0102 0.0132 0.0035
0.0268 0.0304 0.0009 0.0099 0.0156 0.0022
0.0197 0.0197 0.0009 0.0045 0.0060 0.0008
0.0224 0.0187 0.0019 0.0104 0.0109 0.0023
0.0128 0.0092 0.0019 0.0056 0.0054 0.0015
0.0362 0.0145 0.0027 0.0090 0.0134 0.0022
0.0301 0.0159 0.0018 0.0088 0.0064 0.0029
0.0536 0.0081 0.0041 0.0066 0.0085 0.0026
0.0524 0.0143 0.0024 0.0071 0.0082 0.0031
0.0944 0.0350 0.0008 0.0053 0.0054 0.0024
0.0535 0.0312 0.0029 0.0022 0.0082 0.0023
0.0759 0.0487 0.0007 0.0043 0.0052 0.0017
0.0212 0.0438 0.0007 0.0056 0.0051 0.0011
0.0252 0.0420 0.0000 0.0034 0.0068 0.0011
0.0109 0.0271 0.0014 0.0041 0.0028 0.0011
0.0054 0.0135 0.0000 0.0020 0.0044 0.0022
0.0054 0.0082 0.0000 0.0007 0.0028 0.0006
0.0030 0.0061 0.0008 0.0008 0.0025 0.0000
0.0034 0.0017 0.0000 0.0000 0.0007 0.0014
0.0024 0.0000 0.0000 0.0000 0.0000 0.0010
0.0000 0.0000 0.0000 0.0000 0.0014 0.0000
0.0051 0.0000 0.0000 0.0028 0.0000 0.0000
0.0000 0.0000 0.0000 0.0000 0.0000 0.0000
0.0000 0.0000 0.0000 0.0000 0.0000 0.0000
0.0000 0.0000 0.0000 0.0000 0.0000 0.0000
0.0000 0.0000 0.0000 0.0000 0.0000 0.0000
0.0000 0.0000 0.0000 0.0000 0.0000 0.0000
0.0000 0.0000 0.0000 0.0000 0.0000 0.0000
0.0000 0.0000 0.0000 0.0000 0.0000 0.0000
