# the different columns denote the different activities
# ie. using cook (1). dishes (2). vacuum (3). iron (4). wash (5). dry (6)

0.0000 0.0000 0.0000 0.0000 0.0000 0.0000
0.0238 0.0000 0.0000 0.0000 0.0000 0.0000
0.0000 0.0000 0.0000 0.0000 0.0000 0.0000
0.0217 0.0109 0.0000 0.0000 0.0000 0.0000
0.0203 0.0000 0.0000 0.0000 0.0045 0.0000
0.0342 0.0114 0.0000 0.0000 0.0017 0.0000
0.0570 0.0261 0.0000 0.0025 0.0010 0.0010
0.0445 0.0360 0.0021 0.0021 0.0071 0.0027
0.0409 0.0331 0.0019 0.0019 0.0071 0.0008
0.0332 0.0406 0.0027 0.0036 0.0059 0.0007
0.0257 0.0394 0.0085 0.0059 0.0131 0.0000
0.0239 0.0187 0.0051 0.0051 0.0089 0.0007
0.0262 0.0140 0.0095 0.0121 0.0113 0.0007
0.0230 0.0106 0.0070 0.0070 0.0064 0.0014
0.0690 0.0054 0.0070 0.0096 0.0094 0.0014
0.0769 0.0052 0.0008 0.0042 0.0056 0.0007
0.0657 0.0370 0.0008 0.0042 0.0074 0.0020
0.0482 0.0764 0.0008 0.0041 0.0033 0.0013
0.0204 0.0272 0.0008 0.0033 0.0061 0.0000
0.0175 0.0401 0.0060 0.0102 0.0077 0.0014
0.0128 0.0146 0.0009 0.0099 0.0090 0.0007
0.0258 0.0074 0.0009 0.0045 0.0037 0.0000
0.0230 0.0057 0.0019 0.0104 0.0087 0.0008
0.0152 0.0038 0.0019 0.0056 0.0039 0.0016
0.0433 0.0072 0.0027 0.0090 0.0066 0.0015
0.0299 0.0053 0.0018 0.0088 0.0049 0.0000
0.1025 0.0132 0.0041 0.0066 0.0046 0.0000
0.0824 0.0190 0.0024 0.0071 0.0044 0.0006
0.1185 0.0444 0.0008 0.0053 0.0047 0.0012
0.0948 0.0787 0.0029 0.0022 0.0052 0.0000
0.0565 0.0607 0.0007 0.0043 0.0029 0.0012
0.0318 0.0526 0.0007 0.0056 0.0051 0.0000
0.0327 0.0435 0.0000 0.0034 0.0055 0.0006
0.0188 0.0188 0.0014 0.0041 0.0105 0.0006
0.0092 0.0198 0.0000 0.0020 0.0038 0.0000
0.0066 0.0120 0.0000 0.0007 0.0049 0.0000
0.0108 0.0139 0.0008 0.0008 0.0050 0.0012
0.0036 0.0054 0.0000 0.0000 0.0000 0.0000
0.0000 0.0000 0.0000 0.0000 0.0041 0.0000
0.0000 0.0000 0.0000 0.0000 0.0000 0.0000
0.0000 0.0000 0.0000 0.0028 0.0025 0.0000
0.0000 0.0000 0.0000 0.0000 0.0000 0.0000
0.0000 0.0000 0.0000 0.0000 0.0000 0.0000
0.0000 0.0000 0.0000 0.0000 0.0000 0.0000
0.0000 0.0000 0.0000 0.0000 0.0000 0.0000
0.0000 0.0000 0.0000 0.0000 0.0000 0.0000
0.0000 0.0000 0.0000 0.0000 0.0000 0.0000
0.0000 0.0000 0.0000 0.0000 0.0000 0.0000
