# the different columns denote the different activities
# ie. using cook (1). dishes (2). vacuum (3). iron (4). wash (5). dry (6)

0.0000 0.0000 0.0000 0.0000 0.0000 0.0000
0.0000 0.0000 0.0000 0.0000 0.0000 0.0000
0.0000 0.0000 0.0000 0.0000 0.0000 0.0000
0.0254 0.0169 0.0000 0.0000 0.0000 0.0000
0.0605 0.0121 0.0000 0.0000 0.0045 0.0000
0.0585 0.0117 0.0000 0.0028 0.0017 0.0000
0.1107 0.0321 0.0000 0.0000 0.0010 0.0010
0.0837 0.0320 0.0039 0.0039 0.0071 0.0027
0.0774 0.0525 0.0033 0.0059 0.0071 0.0008
0.0460 0.0609 0.0069 0.0112 0.0059 0.0007
0.0344 0.0712 0.0052 0.0180 0.0131 0.0000
0.0298 0.0321 0.0116 0.0134 0.0089 0.0007
0.0650 0.0189 0.0126 0.0234 0.0113 0.0007
0.0712 0.0214 0.0090 0.0144 0.0064 0.0014
0.0977 0.0169 0.0067 0.0092 0.0094 0.0014
0.0944 0.0140 0.0059 0.0083 0.0056 0.0007
0.0898 0.0370 0.0045 0.0079 0.0074 0.0020
0.0534 0.1324 0.0028 0.0050 0.0033 0.0013
0.0348 0.0808 0.0045 0.0148 0.0061 0.0000
0.0268 0.0570 0.0059 0.0106 0.0077 0.0014
0.0304 0.0190 0.0032 0.0241 0.0090 0.0007
0.0215 0.0088 0.0019 0.0096 0.0037 0.0000
0.0431 0.0067 0.0040 0.0141 0.0087 0.0008
0.0400 0.0027 0.0040 0.0146 0.0039 0.0016
0.0752 0.0148 0.0025 0.0131 0.0066 0.0015
0.0713 0.0140 0.0018 0.0071 0.0049 0.0000
0.1455 0.0185 0.0022 0.0142 0.0046 0.0000
0.1282 0.0600 0.0010 0.0057 0.0044 0.0006
0.1647 0.0700 0.0020 0.0064 0.0047 0.0012
0.0902 0.1203 0.0019 0.0058 0.0052 0.0000
0.0721 0.0906 0.0015 0.0097 0.0029 0.0012
0.0570 0.0989 0.0005 0.0086 0.0051 0.0000
0.0403 0.0599 0.0028 0.0103 0.0055 0.0006
0.0224 0.0410 0.0009 0.0079 0.0105 0.0006
0.0112 0.0205 0.0000 0.0046 0.0038 0.0000
0.0075 0.0122 0.0000 0.0033 0.0049 0.0000
0.0147 0.0031 0.0011 0.0027 0.0050 0.0012
0.0071 0.0036 0.0000 0.0030 0.0000 0.0000
0.0033 0.0049 0.0000 0.0017 0.0041 0.0000
0.0000 0.0000 0.0000 0.0000 0.0000 0.0000
0.0041 0.0000 0.0000 0.0021 0.0025 0.0000
0.0000 0.0000 0.0000 0.0000 0.0000 0.0000
0.0000 0.0000 0.0000 0.0000 0.0000 0.0000
0.0000 0.0000 0.0000 0.0000 0.0000 0.0000
0.0000 0.0000 0.0000 0.0000 0.0000 0.0000
0.0000 0.0000 0.0000 0.0000 0.0000 0.0000
0.0000 0.0000 0.0000 0.0000 0.0000 0.0000
0.0000 0.0000 0.0000 0.0000 0.0000 0.0000
