# the different columns denote the different activities
# ie. using cook (1). dishes (2). vacuum (3). iron (4). wash (5). dry (6)

0.000 0.000 0.000 0.000 0.000 0.000
0.000 0.000 0.000 0.000 0.000 0.000
0.000 0.000 0.000 0.000 0.006 0.000
0.000 0.000 0.000 0.000 0.000 0.000
0.028 0.000 0.000 0.000 0.000 0.000
0.017 0.000 0.000 0.003 0.002 0.000
0.045 0.009 0.000 0.000 0.003 0.001
0.070 0.019 0.004 0.004 0.005 0.001
0.105 0.039 0.003 0.006 0.012 0.002
0.080 0.065 0.007 0.011 0.017 0.002
0.060 0.073 0.005 0.018 0.018 0.001
0.061 0.063 0.012 0.013 0.020 0.003
0.083 0.058 0.013 0.023 0.023 0.004
0.075 0.043 0.009 0.014 0.018 0.004
0.105 0.026 0.007 0.009 0.017 0.002
0.106 0.021 0.006 0.008 0.012 0.005
0.129 0.047 0.004 0.008 0.009 0.003
0.066 0.110 0.003 0.005 0.008 0.005
0.049 0.102 0.005 0.015 0.011 0.005
0.033 0.082 0.006 0.011 0.013 0.003
0.029 0.048 0.003 0.024 0.016 0.002
0.018 0.025 0.002 0.010 0.006 0.001
0.044 0.011 0.004 0.014 0.011 0.002
0.017 0.014 0.004 0.015 0.005 0.002
0.056 0.018 0.003 0.013 0.013 0.002
0.047 0.014 0.002 0.007 0.006 0.003
0.114 0.016 0.002 0.014 0.009 0.003
0.090 0.032 0.001 0.006 0.008 0.003
0.127 0.064 0.002 0.006 0.005 0.002
0.066 0.070 0.002 0.006 0.008 0.002
0.067 0.070 0.001 0.010 0.005 0.002
0.039 0.072 0.000 0.009 0.005 0.001
0.025 0.058 0.003 0.010 0.007 0.001
0.017 0.034 0.001 0.008 0.003 0.001
0.006 0.019 0.000 0.005 0.004 0.002
0.006 0.013 0.000 0.003 0.003 0.001
0.005 0.008 0.001 0.003 0.003 0.000
0.006 0.004 0.000 0.003 0.001 0.001
0.003 0.007 0.000 0.002 0.000 0.001
0.002 0.002 0.000 0.000 0.001 0.000
0.000 0.004 0.000 0.002 0.000 0.000
0.000 0.000 0.000 0.000 0.000 0.000
0.000 0.000 0.000 0.000 0.000 0.000
0.000 0.000 0.000 0.000 0.000 0.000
0.000 0.000 0.000 0.000 0.000 0.000
0.000 0.000 0.000 0.000 0.000 0.000
0.000 0.000 0.000 0.000 0.000 0.000
0.000 0.000 0.000 0.000 0.000 0.000
