# -*- coding: utf-8 -*-
# the different columns denote the different activities
# ie. using cook (1). dishes (2). vacuum (3). iron (4). wash (5). dry (6)

0.000 0.000 0.000 0.000 0.000 0.000
0.000 0.000 0.000 0.000 0.000 0.000
0.020 0.000 0.000 0.000 0.000 0.000
0.000 0.000 0.000 0.000 0.000 0.000
0.052 0.010 0.005 0.005 0.000 0.000
0.139 0.007 0.003 0.003 0.012 0.006
0.136 0.048 0.000 0.000 0.000 0.004
0.058 0.095 0.000 0.004 0.010 0.000
0.046 0.066 0.002 0.008 0.014 0.003
0.031 0.048 0.010 0.016 0.014 0.000
0.040 0.043 0.009 0.011 0.032 0.003
0.044 0.041 0.015 0.017 0.016 0.003
0.043 0.024 0.017 0.025 0.024 0.000
0.034 0.021 0.012 0.027 0.010 0.003
0.100 0.018 0.012 0.029 0.010 0.003
0.086 0.022 0.002 0.006 0.013 0.008
0.096 0.037 0.003 0.010 0.005 0.000
0.063 0.110 0.007 0.007 0.002 0.000
0.038 0.067 0.008 0.019 0.007 0.002
0.015 0.053 0.010 0.023 0.015 0.002
0.031 0.042 0.005 0.020 0.016 0.003
0.030 0.015 0.009 0.021 0.008 0.003
0.041 0.006 0.005 0.016 0.014 0.003
0.041 0.006 0.005 0.008 0.011 0.003
0.108 0.012 0.011 0.022 0.003 0.000
0.081 0.021 0.009 0.011 0.010 0.005
0.188 0.025 0.004 0.021 0.005 0.005
0.150 0.058 0.001 0.018 0.025 0.000
0.161 0.086 0.005 0.015 0.007 0.000
0.098 0.144 0.001 0.010 0.009 0.002
0.106 0.129 0.002 0.008 0.010 0.000
0.045 0.124 0.001 0.013 0.012 0.006
0.045 0.101 0.001 0.019 0.012 0.002
0.024 0.057 0.001 0.014 0.020 0.010
0.024 0.023 0.000 0.013 0.006 0.012
0.014 0.019 0.000 0.005 0.008 0.000
0.014 0.005 0.000 0.005 0.002 0.002
0.005 0.006 0.000 0.003 0.008 0.005
0.000 0.000 0.002 0.002 0.000 0.000
0.005 0.000 0.000 0.000 0.005 0.000
0.000 0.000 0.000 0.000 0.000 0.000
0.000 0.000 0.000 0.000 0.000 0.000
0.000 0.000 0.000 0.000 0.000 0.000
0.000 0.000 0.000 0.000 0.000 0.000
0.000 0.000 0.000 0.000 0.000 0.000
0.000 0.000 0.000 0.000 0.000 0.000
0.000 0.000 0.000 0.000 0.000 0.000
0.000 0.000 0.000 0.000 0.000 0.000
