# -*- coding: utf-8 -*-
# the different columns denote the different activities
# ie. using cook (1). dishes (2). vacuum (3). iron (4). wash (5). dry (6)

0.000 0.000 0.000 0.000 0.000 0.000
0.000 0.000 0.000 0.000 0.000 0.000
0.000 0.000 0.000 0.000 0.000 0.000
0.000 0.000 0.000 0.000 0.000 0.000
0.000 0.000 0.005 0.005 0.000 0.000
0.000 0.000 0.003 0.003 0.000 0.000
0.033 0.009 0.000 0.000 0.008 0.000
0.051 0.015 0.000 0.004 0.017 0.000
0.091 0.042 0.002 0.008 0.012 0.003
0.067 0.064 0.010 0.016 0.015 0.003
0.099 0.073 0.009 0.011 0.027 0.003
0.102 0.057 0.015 0.017 0.026 0.003
0.080 0.075 0.017 0.025 0.070 0.005
0.080 0.054 0.012 0.027 0.036 0.003
0.153 0.040 0.012 0.029 0.032 0.008
0.119 0.044 0.002 0.006 0.023 0.003
0.191 0.062 0.003 0.010 0.025 0.005
0.067 0.159 0.007 0.007 0.015 0.002
0.066 0.140 0.008 0.019 0.012 0.005
0.033 0.113 0.010 0.023 0.023 0.005
0.041 0.041 0.005 0.020 0.019 0.014
0.014 0.010 0.009 0.021 0.031 0.006
0.024 0.014 0.005 0.016 0.012 0.009
0.034 0.003 0.005 0.008 0.000 0.011
0.045 0.023 0.011 0.022 0.014 0.003
0.085 0.016 0.009 0.011 0.005 0.005
0.124 0.031 0.004 0.021 0.012 0.005
0.093 0.042 0.001 0.018 0.012 0.000
0.158 0.045 0.005 0.015 0.007 0.004
0.060 0.113 0.001 0.010 0.011 0.000
0.098 0.099 0.002 0.008 0.002 0.000
0.042 0.115 0.001 0.013 0.002 0.004
0.038 0.069 0.001 0.019 0.015 0.006
0.012 0.035 0.001 0.014 0.008 0.008
0.014 0.036 0.000 0.013 0.006 0.002
0.004 0.014 0.000 0.005 0.008 0.004
0.011 0.021 0.000 0.005 0.002 0.000
0.008 0.006 0.000 0.003 0.003 0.000
0.007 0.004 0.002 0.002 0.000 0.000
0.000 0.006 0.000 0.000 0.000 0.000
0.000 0.000 0.000 0.000 0.000 0.000
0.016 0.000 0.000 0.000 0.000 0.000
0.000 0.000 0.000 0.000 0.000 0.000
0.000 0.000 0.000 0.000 0.000 0.000
0.000 0.000 0.000 0.000 0.000 0.000
0.000 0.000 0.000 0.000 0.000 0.000
0.000 0.000 0.000 0.000 0.000 0.000
0.000 0.000 0.000 0.000 0.000 0.000
