# -*- coding: utf-8 -*-
# the different columns denote the different activities
# ie. using cook (1). dishes (2). vacuum (3). iron (4). wash (5). dry (6)

0.000 0.000 0.000 0.000 0.000 0.000
0.000 0.000 0.000 0.000 0.000 0.000
0.020 0.000 0.000 0.000 0.000 0.000
0.000 0.000 0.000 0.000 0.000 0.000
0.052 0.056 0.000 0.000 0.000 0.000
0.139 0.087 0.000 0.000 0.012 0.006
0.136 0.056 0.000 0.017 0.000 0.004
0.058 0.184 0.000 0.000 0.010 0.000
0.046 0.070 0.012 0.012 0.014 0.003
0.031 0.044 0.000 0.000 0.014 0.000
0.040 0.064 0.010 0.031 0.032 0.003
0.044 0.021 0.010 0.000 0.016 0.003
0.043 0.089 0.010 0.052 0.024 0.000
0.034 0.021 0.021 0.021 0.010 0.003
0.100 0.021 0.032 0.011 0.010 0.003
0.086 0.021 0.011 0.021 0.013 0.008
0.096 0.040 0.000 0.010 0.005 0.000
0.063 0.104 0.010 0.000 0.002 0.000
0.038 0.135 0.029 0.057 0.007 0.002
0.015 0.038 0.010 0.000 0.015 0.002
0.031 0.000 0.020 0.081 0.016 0.003
0.030 0.021 0.000 0.000 0.008 0.003
0.041 0.023 0.000 0.000 0.014 0.003
0.041 0.000 0.024 0.024 0.011 0.003
0.108 0.000 0.000 0.034 0.003 0.000
0.081 0.063 0.000 0.021 0.010 0.005
0.188 0.022 0.000 0.021 0.005 0.005
0.150 0.039 0.000 0.020 0.025 0.000
0.161 0.053 0.000 0.018 0.007 0.000
0.098 0.288 0.009 0.018 0.009 0.002
0.106 0.113 0.008 0.017 0.010 0.000
0.045 0.185 0.000 0.042 0.012 0.006
0.045 0.108 0.000 0.016 0.012 0.002
0.024 0.077 0.000 0.024 0.020 0.010
0.024 0.062 0.000 0.008 0.006 0.012
0.014 0.046 0.000 0.025 0.008 0.000
0.014 0.036 0.000 0.009 0.002 0.002
0.005 0.000 0.000 0.000 0.008 0.005
0.000 0.000 0.000 0.000 0.000 0.000
0.005 0.000 0.000 0.000 0.005 0.000
0.000 0.000 0.000 0.000 0.000 0.000
0.000 0.000 0.000 0.000 0.000 0.000
0.000 0.000 0.000 0.000 0.000 0.000
0.000 0.000 0.000 0.000 0.000 0.000
0.000 0.000 0.000 0.000 0.000 0.000
0.000 0.000 0.000 0.000 0.000 0.000
0.000 0.000 0.000 0.000 0.000 0.000
0.000 0.000 0.000 0.000 0.000 0.000
