# -*- coding: utf-8 -*-
# the different columns denote the different activities
# ie. using cook (1). dishes (2). vacuum (3). iron (4). wash (5). dry (6)

0.000 0.000 0.000 0.000 0.000 0.000
0.000 0.000 0.000 0.000 0.000 0.000
0.000 0.000 0.000 0.000 0.000 0.000
0.000 0.000 0.000 0.000 0.000 0.000
0.000 0.000 0.000 0.000 0.000 0.000
0.000 0.030 0.000 0.000 0.000 0.000
0.033 0.023 0.000 0.017 0.008 0.000
0.051 0.128 0.000 0.000 0.017 0.000
0.091 0.143 0.012 0.012 0.012 0.003
0.067 0.094 0.000 0.000 0.015 0.003
0.099 0.019 0.010 0.031 0.027 0.003
0.102 0.042 0.010 0.000 0.026 0.003
0.080 0.021 0.010 0.052 0.070 0.005
0.080 0.043 0.021 0.021 0.036 0.003
0.153 0.040 0.032 0.011 0.032 0.008
0.119 0.167 0.011 0.021 0.023 0.003
0.191 0.094 0.000 0.010 0.025 0.005
0.067 0.151 0.010 0.000 0.015 0.002
0.066 0.078 0.029 0.057 0.012 0.005
0.033 0.023 0.010 0.000 0.023 0.005
0.041 0.000 0.020 0.081 0.019 0.014
0.014 0.047 0.000 0.000 0.031 0.006
0.024 0.022 0.000 0.000 0.012 0.009
0.034 0.000 0.024 0.024 0.000 0.011
0.045 0.020 0.000 0.034 0.014 0.003
0.085 0.020 0.000 0.021 0.005 0.005
0.124 0.075 0.000 0.021 0.012 0.005
0.093 0.036 0.000 0.020 0.012 0.000
0.158 0.105 0.000 0.018 0.007 0.004
0.060 0.109 0.009 0.018 0.011 0.000
0.098 0.088 0.008 0.017 0.002 0.000
0.042 0.136 0.000 0.042 0.002 0.004
0.038 0.017 0.000 0.016 0.015 0.006
0.012 0.018 0.000 0.024 0.008 0.008
0.014 0.000 0.000 0.008 0.006 0.002
0.004 0.000 0.000 0.025 0.008 0.004
0.011 0.000 0.000 0.009 0.002 0.000
0.008 0.037 0.000 0.000 0.003 0.000
0.007 0.000 0.000 0.000 0.000 0.000
0.000 0.037 0.000 0.000 0.000 0.000
0.000 0.000 0.000 0.000 0.000 0.000
0.016 0.000 0.000 0.000 0.000 0.000
0.000 0.000 0.000 0.000 0.000 0.000
0.000 0.000 0.000 0.000 0.000 0.000
0.000 0.000 0.000 0.000 0.000 0.000
0.000 0.000 0.000 0.000 0.000 0.000
0.000 0.000 0.000 0.000 0.000 0.000
0.000 0.000 0.000 0.000 0.000 0.000
